100
132
1000
7
111111111111111110
5474479
82698
10999
111122222233334425
916623890580249613
5499999
23333455667899199
967519530947806934
537
8
41811657932681
623888008542395009
320946544617292702
731672414614324399
11111111112222218
15979
456316861420243143
12222223344445552
115629619751290789
758218155285009876
43899
51123444668888999
118700997142543827
824
111233345556666294
317411891015486277
167117017166453625
36093593889080412
8222347
55
712192810212408188
237211809444899468
11220551123766
1
11333012333455889
880
51122333344668888
87789
23122334566667
33688846444589
10
1000000000000000000
60
64
10999999999999
879
21135667777900
110
612447473367970093
811333566666778900
2167898
11233344577728
380083381991969599
10999999999999999
349865705308557795
850433604420103429
374625511604047325
853110412025678323
999999999999999999
778443632244351677
11122223444144
309863137057564190
27
16794
12335667778999
1133322
811122555567788899
41122222333678890
51445566888888
608889306714597661
1110432
124456107345195948
87898789987779787
381979332058523592
235239248943395746
656327851793394709
998559717047864378
12444455566661
443470186498712089
411222333455555567
585557174625875278
1467776
452233335566777899
12344555478795475
109999999999999999
750869622225802223
1366999
34490
29899
1122169
122344555002223355
253344598771400150
518
897648197859558130
2955679
411223355666677789
