100
4 2
5 2
6 2
1000 1000
1000 1
3 2
884136222155812579 791206868823797841
999999999999999999 288230376151711743
1000000000000000000 2
999999999999999999 128
1000000000000000000 500000000000000000
820274539877542352 750755911630529172
500000000000000000 211769623848288256
999999999999999999 423539247696576511
999999999999999999 576460752303423488
902234117814465569 856177029927044837
999999999999999999 288230376151711744
500000000000000000 266283124018367778
1000000000000000000 1000000000000000000
999999999999999999 499999999999999997
1000000000000000000 499999999999999998
794006350548009957 758425776840998807
999999999999999999 576460752303423487
500000000000000000 499999999999999999
999999999999999999 999999999999999999
1000000000000000000 423539247696576512
510910388134441386 421934132058233830
646278290187426626 537336285605276696
500000000000000000 160801457522313036
641618855594804010 552557152416705634
500000000000000000 142799558453611472
344703876915612551 336819107039786792
999999999999999999 423539247696576512
703796897931003106 681813125819632658
942890652021318980 857611962044836674
933428146354879171 855411867966598360
500000000000000000 127
2 1
1000000000000000000 499999999999999999
999999999999999999 397954332458487694
931832709306626131 825082789780720428
1000000000000000000 281107303435393763
2 2
937850301967396615 817073646247029428
708989979253572018 564197064614245644
500000000000000000 1
899919181243158604 743490834275205095
999999999999999999 499999999999999998
311509637461062563 297779411348905018
999999999999999999 127
1000000000000000000 423539247696576513
500000000000000000 500000000000000000
500000000000000000 144115188075855871
729586982082210743 683775928834524706
853228582866179980 795197765042039146
3 1
1000000000000000000 999999999999999999
951523795957973208 744242521801795934
500000000000000000 288230376151711743
1000000000000000000 1
1000000000000000000 128
999999999999999999 999999999999999998
901091296970028551 721141915236494529
500000000000000000 2
596142807072917706 581521174502574999
1000000000000000000 288230376151711744
1000000000000000000 576460752303423487
349358165678227657 297094916125988627
1000000000000000000 380185001662170976
989758625065098065 939098117870978064
1000000000000000000 288230376151711743
500000000000000000 211769623848288257
1000000000000000000 127
999999999999999999 1
1 1
500000000000000000 249999999999999998
838632171521206544 716166770974310268
566044667452127981 482221837619172688
751170552071999981 669216134480771335
783937136584824589 611139779139263716
1000000000000000000 576460752303423488
4 1
728722888591392713 720046085330468594
999999999999999999 499999999999999999
999999999999999999 2
500000000000000000 128
309443038307211449 254180365987055315
500000000000000000 250000000000000000
632339893858864542 584316115915483137
500000000000000000 249999999999999999
363121782811205930 336616374275291919
822856154533179838 734269693609560273
999999999999999999 282636360278640342
1000000000000000000 434874126509254399
909275987212784554 800662416624978142
999999999999999999 445057871992723386
500000000000000000 288230376151711744
500000000000000000 144115188075855872
5 1
442840290152392769 364932757304438513
