100
4 2
5 2
6 2
1000 1000
1000 1
500000 249999
1000000 1
1 1
770728 625201
3 2
500000 1
999999 499998
999999 128
3 1
805719 801019
542193 486232
809969 707361
858874 805394
768464 745425
455539 392258
593504 479617
811330 669678
999999 999999
1000000 296212
774963 632383
999999 524287
999999 319777
500000 500000
999999 262143
1000000 262144
638024 634476
999999 499997
500000 2
1000000 499999
951077 741785
500000 256062
999999 524288
704923 603587
559677 437663
999999 475711
844088 725818
654950 582129
453951 363514
1000000 1000000
500000 262143
928354 727824
2 2
471342 440219
500000 128
1000000 128
500000 131072
999999 475712
999999 2
1000000 524288
770745 691749
500000 127
999830 982084
555454 550686
500000 237856
1000000 999999
1000000 127
996346 818554
1000000 475713
1000000 509296
743742 732818
388046 364817
1000000 524287
1000000 262143
862545 801609
608464 529017
538576 411226
839686 772151
999999 1
999999 479691
447600 387989
500000 131071
500000 237857
936964 870181
999999 262144
1000000 2
500000 262144
906900 848960
1000000 500000
4 1
1000000 499998
715696 660747
1000000 475712
500000 226769
976556 760166
500000 499999
500000 249998
500000 250000
5 1
916965 757600
2 1
999999 999998
336002 300616
580151 489180
999999 127
999999 499999
