100
4 2
5 2
6 2
1000 1000
1000 1
999 498
999 1
606 578
500 500
999 497
810 696
688 655
999 127
999 511
1000 2
290 281
528 456
500 1
664 650
999 319
339 338
1000 511
1000 488
999 2
784 733
1000 499
3 1
578 533
500 253
999 512
999 255
463 438
500 255
1000 999
1 1
799 798
500 117
500 232
999 128
581 567
1000 128
4 1
999 499
3 2
351 348
785 735
943 834
1000 256
500 128
500 245
999 256
980 905
447 372
999 490
500 499
1000 505
345 267
907 838
475 388
2 1
334 284
599 580
500 256
682 670
999 488
1000 127
1000 498
500 116
500 2
401 352
567 537
999 998
500 249
500 86
5 1
806 736
1000 500
818 754
1000 255
432 375
477 429
500 248
953 784
445 347
999 487
500 127
2 2
500 250
1000 294
979 829
1000 512
999 999
423 344
500 244
618 491
1000 489
690 583
971 909
756 684
767 627
