(1, 608, 606)
(304, 608, 303)
(1, 304, 302)
(304, 456, 151)
(456, 608, 151)
(152, 304, 151)
(1, 152, 150)
(304, 380, 75)
(380, 456, 75)
(456, 532, 75)
(532, 608, 75)
(152, 228, 75)
(228, 304, 75)
(76, 152, 75)
(1, 76, 74)
(304, 342, 37)
(342, 380, 37)
(380, 418, 37)
(418, 456, 37)
(456, 494, 37)
(494, 532, 37)
(532, 570, 37)
(570, 608, 37)
(152, 190, 37)
(190, 228, 37)
(228, 266, 37)
(266, 304, 37)
(76, 114, 37)
(114, 152, 37)
(38, 76, 37)
(1, 38, 36)
(304, 323, 18)
(323, 342, 18)
(342, 361, 18)
(361, 380, 18)
(380, 399, 18)
(399, 418, 18)
(418, 437, 18)
(437, 456, 18)
(456, 475, 18)
(475, 494, 18)
(494, 513, 18)
(513, 532, 18)
(532, 551, 18)
(551, 570, 18)
(570, 589, 18)
(589, 608, 18)
(152, 171, 18)
(171, 190, 18)
(190, 209, 18)
(209, 228, 18)
(228, 247, 18)
(247, 266, 18)
(266, 285, 18)
(285, 304, 18)
(76, 95, 18)
(95, 114, 18)
(114, 133, 18)
(133, 152, 18)
(38, 57, 18)
(57, 76, 18)
(19, 38, 18)
(1, 19, 17)
(313, 323, 9)
(304, 313, 8)
(332, 342, 9)
(323, 332, 8)
(351, 361, 9)
(342, 351, 8)
(370, 380, 9)
(361, 370, 8)
(389, 399, 9)
(380, 389, 8)
(408, 418, 9)
(399, 408, 8)
(427, 437, 9)
(418, 427, 8)
(446, 456, 9)
(437, 446, 8)
(465, 475, 9)
(456, 465, 8)
(484, 494, 9)
(475, 484, 8)
(503, 513, 9)
(494, 503, 8)
(522, 532, 9)
(513, 522, 8)
(541, 551, 9)
(532, 541, 8)
(560, 570, 9)
(551, 560, 8)
(579, 589, 9)
(570, 579, 8)
(598, 608, 9)
(589, 598, 8)
(161, 171, 9)
(152, 161, 8)
(180, 190, 9)
(171, 180, 8)
(199, 209, 9)
(190, 199, 8)
(218, 228, 9)
(209, 218, 8)
(237, 247, 9)
(228, 237, 8)
(256, 266, 9)
(247, 256, 8)
(275, 285, 9)
(266, 275, 8)
(294, 304, 9)
(285, 294, 8)
(85, 95, 9)
(76, 85, 8)
(104, 114, 9)
(95, 104, 8)
(123, 133, 9)
(114, 123, 8)
(142, 152, 9)
(133, 142, 8)
(47, 57, 9)
(38, 47, 8)
(66, 76, 9)
(57, 66, 8)
(28, 38, 9)
(19, 28, 8)
(1, 10, 8)
(10, 19, 8)
(313, 318, 4)
(318, 323, 4)
(308, 313, 4)
(304, 308, 3)
(332, 337, 4)
(337, 342, 4)
(327, 332, 4)
(323, 327, 3)
(351, 356, 4)
(356, 361, 4)
(346, 351, 4)
(342, 346, 3)
(370, 375, 4)
(375, 380, 4)
(365, 370, 4)
(361, 365, 3)
(389, 394, 4)
(394, 399, 4)
(384, 389, 4)
(380, 384, 3)
(408, 413, 4)
(413, 418, 4)
(403, 408, 4)
(399, 403, 3)
(427, 432, 4)
(432, 437, 4)
(422, 427, 4)
(418, 422, 3)
(446, 451, 4)
(451, 456, 4)
(441, 446, 4)
(437, 441, 3)
(465, 470, 4)
(470, 475, 4)
(460, 465, 4)
(456, 460, 3)
(484, 489, 4)
(489, 494, 4)
(479, 484, 4)
(475, 479, 3)
(503, 508, 4)
(508, 513, 4)
(498, 503, 4)
(494, 498, 3)
(522, 527, 4)
(527, 532, 4)
(517, 522, 4)
(513, 517, 3)
(541, 546, 4)
(546, 551, 4)
(536, 541, 4)
(532, 536, 3)
(560, 565, 4)
(565, 570, 4)
(555, 560, 4)
(551, 555, 3)
(579, 584, 4)
(584, 589, 4)
(574, 579, 4)
(570, 574, 3)
(598, 603, 4)
(603, 608, 4)
(593, 598, 4)
(589, 593, 3)
(161, 166, 4)
(166, 171, 4)
(156, 161, 4)
(152, 156, 3)
(180, 185, 4)
(185, 190, 4)
(175, 180, 4)
(171, 175, 3)
(199, 204, 4)
(204, 209, 4)
(194, 199, 4)
(190, 194, 3)
(218, 223, 4)
(223, 228, 4)
(213, 218, 4)
(209, 213, 3)
(237, 242, 4)
(242, 247, 4)
(232, 237, 4)
(228, 232, 3)
(256, 261, 4)
(261, 266, 4)
(251, 256, 4)
(247, 251, 3)
(275, 280, 4)
(280, 285, 4)
(270, 275, 4)
(266, 270, 3)
(294, 299, 4)
(299, 304, 4)
(289, 294, 4)
(285, 289, 3)
(85, 90, 4)
(90, 95, 4)
(80, 85, 4)
(76, 80, 3)
(104, 109, 4)
(109, 114, 4)
(99, 104, 4)
(95, 99, 3)
(123, 128, 4)
(128, 133, 4)
(118, 123, 4)
(114, 118, 3)
(142, 147, 4)
(147, 152, 4)
(137, 142, 4)
(133, 137, 3)
(47, 52, 4)
(52, 57, 4)
(42, 47, 4)
(38, 42, 3)
(66, 71, 4)
(71, 76, 4)
(61, 66, 4)
(57, 61, 3)
(28, 33, 4)
(33, 38, 4)
(23, 28, 4)
(19, 23, 3)
(5, 10, 4)
(1, 5, 3)
(14, 19, 4)
(10, 14, 3)
(315, 318, 2)
(313, 315, 1)
(320, 323, 2)
(318, 320, 1)
(310, 313, 2)
(308, 310, 1)
(304, 306, 1)
(306, 308, 1)
(334, 337, 2)
(332, 334, 1)
(339, 342, 2)
(337, 339, 1)
(329, 332, 2)
(327, 329, 1)
(323, 325, 1)
(325, 327, 1)
(353, 356, 2)
(351, 353, 1)
(358, 361, 2)
(356, 358, 1)
(348, 351, 2)
(346, 348, 1)
(342, 344, 1)
(344, 346, 1)
(372, 375, 2)
(370, 372, 1)
(377, 380, 2)
(375, 377, 1)
(367, 370, 2)
(365, 367, 1)
(361, 363, 1)
(363, 365, 1)
(391, 394, 2)
(389, 391, 1)
(396, 399, 2)
(394, 396, 1)
(386, 389, 2)
(384, 386, 1)
(380, 382, 1)
(382, 384, 1)
(410, 413, 2)
(408, 410, 1)
(415, 418, 2)
(413, 415, 1)
(405, 408, 2)
(403, 405, 1)
(399, 401, 1)
(401, 403, 1)
(429, 432, 2)
(427, 429, 1)
(434, 437, 2)
(432, 434, 1)
(424, 427, 2)
(422, 424, 1)
(418, 420, 1)
(420, 422, 1)
(448, 451, 2)
(446, 448, 1)
(453, 456, 2)
(451, 453, 1)
(443, 446, 2)
(441, 443, 1)
(437, 439, 1)
(439, 441, 1)
(467, 470, 2)
(465, 467, 1)
(472, 475, 2)
(470, 472, 1)
(462, 465, 2)
(460, 462, 1)
(456, 458, 1)
(458, 460, 1)
(486, 489, 2)
(484, 486, 1)
(491, 494, 2)
(489, 491, 1)
(481, 484, 2)
(479, 481, 1)
(475, 477, 1)
(477, 479, 1)
(505, 508, 2)
(503, 505, 1)
(510, 513, 2)
(508, 510, 1)
(500, 503, 2)
(498, 500, 1)
(494, 496, 1)
(496, 498, 1)
(524, 527, 2)
(522, 524, 1)
(529, 532, 2)
(527, 529, 1)
(519, 522, 2)
(517, 519, 1)
(513, 515, 1)
(515, 517, 1)
(543, 546, 2)
(541, 543, 1)
(548, 551, 2)
(546, 548, 1)
(538, 541, 2)
(536, 538, 1)
(532, 534, 1)
(534, 536, 1)
(562, 565, 2)
(560, 562, 1)
(567, 570, 2)
(565, 567, 1)
(557, 560, 2)
(555, 557, 1)
(551, 553, 1)
(553, 555, 1)
(581, 584, 2)
(579, 581, 1)
(586, 589, 2)
(584, 586, 1)
(576, 579, 2)
(574, 576, 1)
(570, 572, 1)
(572, 574, 1)
(600, 603, 2)
(598, 600, 1)
(605, 608, 2)
(603, 605, 1)
(595, 598, 2)
(593, 595, 1)
(589, 591, 1)
(591, 593, 1)
(163, 166, 2)
(161, 163, 1)
(168, 171, 2)
(166, 168, 1)
(158, 161, 2)
(156, 158, 1)
(152, 154, 1)
(154, 156, 1)
(182, 185, 2)
(180, 182, 1)
(187, 190, 2)
(185, 187, 1)
(177, 180, 2)
(175, 177, 1)
(171, 173, 1)
(173, 175, 1)
(201, 204, 2)
(199, 201, 1)
(206, 209, 2)
(204, 206, 1)
(196, 199, 2)
(194, 196, 1)
(190, 192, 1)
(192, 194, 1)
(220, 223, 2)
(218, 220, 1)
(225, 228, 2)
(223, 225, 1)
(215, 218, 2)
(213, 215, 1)
(209, 211, 1)
(211, 213, 1)
(239, 242, 2)
(237, 239, 1)
(244, 247, 2)
(242, 244, 1)
(234, 237, 2)
(232, 234, 1)
(228, 230, 1)
(230, 232, 1)
(258, 261, 2)
(256, 258, 1)
(263, 266, 2)
(261, 263, 1)
(253, 256, 2)
(251, 253, 1)
(247, 249, 1)
(249, 251, 1)
(277, 280, 2)
(275, 277, 1)
(282, 285, 2)
(280, 282, 1)
(272, 275, 2)
(270, 272, 1)
(266, 268, 1)
(268, 270, 1)
(296, 299, 2)
(294, 296, 1)
(301, 304, 2)
(299, 301, 1)
(291, 294, 2)
(289, 291, 1)
(285, 287, 1)
(287, 289, 1)
(87, 90, 2)
(85, 87, 1)
(92, 95, 2)
(90, 92, 1)
(82, 85, 2)
(80, 82, 1)
(76, 78, 1)
(78, 80, 1)
(106, 109, 2)
(104, 106, 1)
(111, 114, 2)
(109, 111, 1)
(101, 104, 2)
(99, 101, 1)
(95, 97, 1)
(97, 99, 1)
(125, 128, 2)
(123, 125, 1)
(130, 133, 2)
(128, 130, 1)
(120, 123, 2)
(118, 120, 1)
(114, 116, 1)
(116, 118, 1)
(144, 147, 2)
(142, 144, 1)
(149, 152, 2)
(147, 149, 1)
(139, 142, 2)
(137, 139, 1)
(133, 135, 1)
(135, 137, 1)
(49, 52, 2)
(47, 49, 1)
(54, 57, 2)
(52, 54, 1)
(44, 47, 2)
(42, 44, 1)
(38, 40, 1)
(40, 42, 1)
(68, 71, 2)
(66, 68, 1)
(73, 76, 2)
(71, 73, 1)
(63, 66, 2)
(61, 63, 1)
(57, 59, 1)
(59, 61, 1)
(30, 33, 2)
(28, 30, 1)
(35, 38, 2)
(33, 35, 1)
(25, 28, 2)
(23, 25, 1)
(19, 21, 1)
(21, 23, 1)
(7, 10, 2)
(5, 7, 1)
(1, 3, 1)
(3, 5, 1)
(16, 19, 2)
(14, 16, 1)
(10, 12, 1)
(12, 14, 1)
(316, 318, 1)
(315, 316, 0)
(313, 314, 0)
(314, 315, 0)
(321, 323, 1)
(320, 321, 0)
(318, 319, 0)
(319, 320, 0)
(311, 313, 1)
(310, 311, 0)
(308, 309, 0)
(309, 310, 0)
(304, 305, 0)
(305, 306, 0)
(306, 307, 0)
(307, 308, 0)
(335, 337, 1)
(334, 335, 0)
(332, 333, 0)
(333, 334, 0)
(340, 342, 1)
(339, 340, 0)
(337, 338, 0)
(338, 339, 0)
(330, 332, 1)
(329, 330, 0)
(327, 328, 0)
(328, 329, 0)
(323, 324, 0)
(324, 325, 0)
(325, 326, 0)
(326, 327, 0)
(354, 356, 1)
(353, 354, 0)
(351, 352, 0)
(352, 353, 0)
(359, 361, 1)
(358, 359, 0)
(356, 357, 0)
(357, 358, 0)
(349, 351, 1)
(348, 349, 0)
(346, 347, 0)
(347, 348, 0)
(342, 343, 0)
(343, 344, 0)
(344, 345, 0)
(345, 346, 0)
(373, 375, 1)
(372, 373, 0)
(370, 371, 0)
(371, 372, 0)
(378, 380, 1)
(377, 378, 0)
(375, 376, 0)
(376, 377, 0)
(368, 370, 1)
(367, 368, 0)
(365, 366, 0)
(366, 367, 0)
(361, 362, 0)
(362, 363, 0)
(363, 364, 0)
(364, 365, 0)
(392, 394, 1)
(391, 392, 0)
(389, 390, 0)
(0, -1)
