(1, 608, 606)
(304, 608, 303)
(1, 304, 302)
(456, 608, 151)
(304, 456, 151)
(152, 304, 151)
(1, 152, 150)
(532, 608, 75)
(456, 532, 75)
(380, 456, 75)
(304, 380, 75)
(228, 304, 75)
(152, 228, 75)
(76, 152, 75)
(1, 76, 74)
(570, 608, 37)
(532, 570, 37)
(494, 532, 37)
(456, 494, 37)
(418, 456, 37)
(380, 418, 37)
(342, 380, 37)
(304, 342, 37)
(266, 304, 37)
(228, 266, 37)
(190, 228, 37)
(152, 190, 37)
(114, 152, 37)
(76, 114, 37)
(38, 76, 37)
(1, 38, 36)
(589, 608, 18)
(570, 589, 18)
(551, 570, 18)
(532, 551, 18)
(513, 532, 18)
(494, 513, 18)
(475, 494, 18)
(456, 475, 18)
(437, 456, 18)
(418, 437, 18)
(399, 418, 18)
(380, 399, 18)
(361, 380, 18)
(342, 361, 18)
(323, 342, 18)
(304, 323, 18)
(285, 304, 18)
(266, 285, 18)
(247, 266, 18)
(228, 247, 18)
(209, 228, 18)
(190, 209, 18)
(171, 190, 18)
(152, 171, 18)
(133, 152, 18)
(114, 133, 18)
(95, 114, 18)
(76, 95, 18)
(57, 76, 18)
(38, 57, 18)
(19, 38, 18)
(1, 19, 17)
(598, 608, 9)
(579, 589, 9)
(560, 570, 9)
(541, 551, 9)
(522, 532, 9)
(503, 513, 9)
(484, 494, 9)
(465, 475, 9)
(446, 456, 9)
(427, 437, 9)
(408, 418, 9)
(389, 399, 9)
(370, 380, 9)
(351, 361, 9)
(332, 342, 9)
(313, 323, 9)
(294, 304, 9)
(275, 285, 9)
(256, 266, 9)
(237, 247, 9)
(218, 228, 9)
(199, 209, 9)
(180, 190, 9)
(161, 171, 9)
(142, 152, 9)
(123, 133, 9)
(104, 114, 9)
(85, 95, 9)
(66, 76, 9)
(47, 57, 9)
(28, 38, 9)
(589, 598, 8)
(570, 579, 8)
(551, 560, 8)
(532, 541, 8)
(513, 522, 8)
(494, 503, 8)
(475, 484, 8)
(456, 465, 8)
(437, 446, 8)
(418, 427, 8)
(399, 408, 8)
(380, 389, 8)
(361, 370, 8)
(342, 351, 8)
(323, 332, 8)
(304, 313, 8)
(285, 294, 8)
(266, 275, 8)
(247, 256, 8)
(228, 237, 8)
(209, 218, 8)
(190, 199, 8)
(171, 180, 8)
(152, 161, 8)
(133, 142, 8)
(114, 123, 8)
(95, 104, 8)
(76, 85, 8)
(57, 66, 8)
(38, 47, 8)
(19, 28, 8)
(10, 19, 8)
(1, 10, 8)
(603, 608, 4)
(598, 603, 4)
(593, 598, 4)
(584, 589, 4)
(579, 584, 4)
(574, 579, 4)
(565, 570, 4)
(560, 565, 4)
(555, 560, 4)
(546, 551, 4)
(541, 546, 4)
(536, 541, 4)
(527, 532, 4)
(522, 527, 4)
(517, 522, 4)
(508, 513, 4)
(503, 508, 4)
(498, 503, 4)
(489, 494, 4)
(484, 489, 4)
(479, 484, 4)
(470, 475, 4)
(465, 470, 4)
(460, 465, 4)
(451, 456, 4)
(446, 451, 4)
(441, 446, 4)
(432, 437, 4)
(427, 432, 4)
(422, 427, 4)
(413, 418, 4)
(408, 413, 4)
(403, 408, 4)
(394, 399, 4)
(389, 394, 4)
(384, 389, 4)
(375, 380, 4)
(370, 375, 4)
(365, 370, 4)
(356, 361, 4)
(351, 356, 4)
(346, 351, 4)
(337, 342, 4)
(332, 337, 4)
(327, 332, 4)
(318, 323, 4)
(313, 318, 4)
(308, 313, 4)
(299, 304, 4)
(294, 299, 4)
(289, 294, 4)
(280, 285, 4)
(275, 280, 4)
(270, 275, 4)
(261, 266, 4)
(256, 261, 4)
(251, 256, 4)
(242, 247, 4)
(237, 242, 4)
(232, 237, 4)
(223, 228, 4)
(218, 223, 4)
(213, 218, 4)
(204, 209, 4)
(199, 204, 4)
(194, 199, 4)
(185, 190, 4)
(180, 185, 4)
(175, 180, 4)
(166, 171, 4)
(161, 166, 4)
(156, 161, 4)
(147, 152, 4)
(142, 147, 4)
(137, 142, 4)
(128, 133, 4)
(123, 128, 4)
(118, 123, 4)
(109, 114, 4)
(104, 109, 4)
(99, 104, 4)
(90, 95, 4)
(85, 90, 4)
(80, 85, 4)
(71, 76, 4)
(66, 71, 4)
(61, 66, 4)
(52, 57, 4)
(47, 52, 4)
(42, 47, 4)
(33, 38, 4)
(28, 33, 4)
(23, 28, 4)
(14, 19, 4)
(5, 10, 4)
(589, 593, 3)
(570, 574, 3)
(551, 555, 3)
(532, 536, 3)
(513, 517, 3)
(494, 498, 3)
(475, 479, 3)
(456, 460, 3)
(437, 441, 3)
(418, 422, 3)
(399, 403, 3)
(380, 384, 3)
(361, 365, 3)
(342, 346, 3)
(323, 327, 3)
(304, 308, 3)
(285, 289, 3)
(266, 270, 3)
(247, 251, 3)
(228, 232, 3)
(209, 213, 3)
(190, 194, 3)
(171, 175, 3)
(152, 156, 3)
(133, 137, 3)
(114, 118, 3)
(95, 99, 3)
(76, 80, 3)
(57, 61, 3)
(38, 42, 3)
(19, 23, 3)
(10, 14, 3)
(1, 5, 3)
(605, 608, 2)
(600, 603, 2)
(595, 598, 2)
(586, 589, 2)
(581, 584, 2)
(576, 579, 2)
(567, 570, 2)
(562, 565, 2)
(557, 560, 2)
(548, 551, 2)
(543, 546, 2)
(538, 541, 2)
(529, 532, 2)
(524, 527, 2)
(519, 522, 2)
(510, 513, 2)
(505, 508, 2)
(500, 503, 2)
(491, 494, 2)
(486, 489, 2)
(481, 484, 2)
(472, 475, 2)
(467, 470, 2)
(462, 465, 2)
(453, 456, 2)
(448, 451, 2)
(443, 446, 2)
(434, 437, 2)
(429, 432, 2)
(424, 427, 2)
(415, 418, 2)
(410, 413, 2)
(405, 408, 2)
(396, 399, 2)
(391, 394, 2)
(386, 389, 2)
(377, 380, 2)
(372, 375, 2)
(367, 370, 2)
(358, 361, 2)
(353, 356, 2)
(348, 351, 2)
(339, 342, 2)
(334, 337, 2)
(329, 332, 2)
(320, 323, 2)
(315, 318, 2)
(310, 313, 2)
(301, 304, 2)
(296, 299, 2)
(291, 294, 2)
(282, 285, 2)
(277, 280, 2)
(272, 275, 2)
(263, 266, 2)
(258, 261, 2)
(253, 256, 2)
(244, 247, 2)
(239, 242, 2)
(234, 237, 2)
(225, 228, 2)
(220, 223, 2)
(215, 218, 2)
(206, 209, 2)
(201, 204, 2)
(196, 199, 2)
(187, 190, 2)
(182, 185, 2)
(177, 180, 2)
(168, 171, 2)
(163, 166, 2)
(158, 161, 2)
(149, 152, 2)
(144, 147, 2)
(139, 142, 2)
(130, 133, 2)
(125, 128, 2)
(120, 123, 2)
(111, 114, 2)
(106, 109, 2)
(101, 104, 2)
(92, 95, 2)
(87, 90, 2)
(82, 85, 2)
(73, 76, 2)
(68, 71, 2)
(63, 66, 2)
(54, 57, 2)
(49, 52, 2)
(44, 47, 2)
(35, 38, 2)
(30, 33, 2)
(25, 28, 2)
(16, 19, 2)
(7, 10, 2)
(606, 608, 1)
(603, 605, 1)
(601, 603, 1)
(598, 600, 1)
(596, 598, 1)
(593, 595, 1)
(591, 593, 1)
(589, 591, 1)
(587, 589, 1)
(584, 586, 1)
(582, 584, 1)
(579, 581, 1)
(577, 579, 1)
(574, 576, 1)
(572, 574, 1)
(570, 572, 1)
(568, 570, 1)
(565, 567, 1)
(563, 565, 1)
(560, 562, 1)
(558, 560, 1)
(555, 557, 1)
(553, 555, 1)
(551, 553, 1)
(549, 551, 1)
(546, 548, 1)
(544, 546, 1)
(541, 543, 1)
(539, 541, 1)
(536, 538, 1)
(534, 536, 1)
(532, 534, 1)
(530, 532, 1)
(527, 529, 1)
(525, 527, 1)
(522, 524, 1)
(520, 522, 1)
(517, 519, 1)
(515, 517, 1)
(513, 515, 1)
(511, 513, 1)
(508, 510, 1)
(506, 508, 1)
(503, 505, 1)
(501, 503, 1)
(498, 500, 1)
(496, 498, 1)
(494, 496, 1)
(492, 494, 1)
(489, 491, 1)
(487, 489, 1)
(484, 486, 1)
(482, 484, 1)
(479, 481, 1)
(477, 479, 1)
(475, 477, 1)
(473, 475, 1)
(470, 472, 1)
(468, 470, 1)
(465, 467, 1)
(463, 465, 1)
(460, 462, 1)
(458, 460, 1)
(456, 458, 1)
(454, 456, 1)
(451, 453, 1)
(449, 451, 1)
(446, 448, 1)
(444, 446, 1)
(441, 443, 1)
(439, 441, 1)
(437, 439, 1)
(435, 437, 1)
(432, 434, 1)
(430, 432, 1)
(427, 429, 1)
(425, 427, 1)
(422, 424, 1)
(420, 422, 1)
(418, 420, 1)
(416, 418, 1)
(413, 415, 1)
(411, 413, 1)
(408, 410, 1)
(406, 408, 1)
(403, 405, 1)
(401, 403, 1)
(399, 401, 1)
(397, 399, 1)
(394, 396, 1)
(392, 394, 1)
(389, 391, 1)
(387, 389, 1)
(384, 386, 1)
(382, 384, 1)
(380, 382, 1)
(378, 380, 1)
(375, 377, 1)
(373, 375, 1)
(370, 372, 1)
(368, 370, 1)
(365, 367, 1)
(363, 365, 1)
(361, 363, 1)
(359, 361, 1)
(356, 358, 1)
(354, 356, 1)
(351, 353, 1)
(349, 351, 1)
(346, 348, 1)
(344, 346, 1)
(342, 344, 1)
(340, 342, 1)
(337, 339, 1)
(335, 337, 1)
(332, 334, 1)
(330, 332, 1)
(327, 329, 1)
(325, 327, 1)
(323, 325, 1)
(321, 323, 1)
(318, 320, 1)
(316, 318, 1)
(313, 315, 1)
(311, 313, 1)
(308, 310, 1)
(306, 308, 1)
(304, 306, 1)
(302, 304, 1)
(299, 301, 1)
(297, 299, 1)
(294, 296, 1)
(292, 294, 1)
(289, 291, 1)
(287, 289, 1)
(285, 287, 1)
(283, 285, 1)
(280, 282, 1)
(278, 280, 1)
(275, 277, 1)
(273, 275, 1)
(270, 272, 1)
(268, 270, 1)
(266, 268, 1)
(264, 266, 1)
(261, 263, 1)
(259, 261, 1)
(256, 258, 1)
(254, 256, 1)
(251, 253, 1)
(249, 251, 1)
(247, 249, 1)
(245, 247, 1)
(242, 244, 1)
(240, 242, 1)
(237, 239, 1)
(235, 237, 1)
(232, 234, 1)
(230, 232, 1)
(228, 230, 1)
(226, 228, 1)
(223, 225, 1)
(221, 223, 1)
(218, 220, 1)
(216, 218, 1)
(213, 215, 1)
(211, 213, 1)
(209, 211, 1)
(207, 209, 1)
(204, 206, 1)
(202, 204, 1)
(199, 201, 1)
(197, 199, 1)
(194, 196, 1)
(192, 194, 1)
(190, 192, 1)
(188, 190, 1)
(185, 187, 1)
(183, 185, 1)
(180, 182, 1)
(178, 180, 1)
(175, 177, 1)
(173, 175, 1)
(171, 173, 1)
(169, 171, 1)
(166, 168, 1)
(164, 166, 1)
(161, 163, 1)
(159, 161, 1)
(156, 158, 1)
(154, 156, 1)
(152, 154, 1)
(150, 152, 1)
(147, 149, 1)
(145, 147, 1)
(142, 144, 1)
(140, 142, 1)
(137, 139, 1)
(135, 137, 1)
(133, 135, 1)
(131, 133, 1)
(128, 130, 1)
(126, 128, 1)
(123, 125, 1)
(121, 123, 1)
(118, 120, 1)
(116, 118, 1)
(114, 116, 1)
(112, 114, 1)
(109, 111, 1)
(107, 109, 1)
(104, 106, 1)
(102, 104, 1)
(99, 101, 1)
(97, 99, 1)
(95, 97, 1)
(93, 95, 1)
(90, 92, 1)
(88, 90, 1)
(85, 87, 1)
(83, 85, 1)
(80, 82, 1)
(78, 80, 1)
(76, 78, 1)
(74, 76, 1)
(71, 73, 1)
(69, 71, 1)
(66, 68, 1)
