1000
95 82 27
0 55 55
96 33 27
43 82 22
76 7 28
46 38 10
90 78 19
29 21 13
70 35 42
52 23 15
10 22 55
21 63 84
98 4 46
34 26 6
81 30 41
62 48 83
91 35 47
45 39 5
46 25 23
62 46 1
37 3 58
74 77 38
74 73 98
43 47 33
90 98 72
72 98 89
85 73 70
61 56 2
49 32 95
90 67 82
29 42 62
37 21 1
49 86 5
52 39 2
14 30 25
32 14 83
99 10 38
50 45 96
75 83 75
58 36 22
42 35 78
47 27 41
67 45 84
100 45 18
48 39 20
40 87 59
67 56 15
48 100 27
17 42 4
8 20 80
70 72 24
76 27 10
93 8 68
67 94 53
28 88 81
99 60 89
90 93 62
75 46 17
43 97 35
59 89 41
39 85 37
24 29 11
59 82 94
33 60 68
87 12 14
20 24 95
38 20 36
9 76 39
85 84 21
94 7 87
19 13 36
52 58 41
54 7 5
20 94 40
78 84 95
2 20 12
53 5 47
59 78 24
61 71 58
68 13 87
44 62 13
16 20 69
77 31 9
22 20 89
4 78 15
2 59 23
51 39 32
15 72 4
55 58 79
16 53 10
37 24 17
38 18 74
76 47 70
76 78 55
17 69 21
68 88 5
86 22 44
82 45 77
21 60 67
47 32 85
88 93 40
22 84 76
56 57 34
55 82 21
82 98 10
67 77 35
53 52 65
86 75 33
45 38 11
28 44 77
67 67 62
98 28 93
19 57 99
34 74 94
21 26 87
13 9 38
96 67 6
6 27 73
35 71 80
13 15 91
65 18 82
80 5 56
55 84 13
66 89 30
97 61 94
37 2 41
18 22 25
62 57 13
67 45 63
3 83 27
88 17 98
73 94 6
82 32 14
97 48 53
64 88 26
44 52 32
27 39 58
85 85 71
39 5 38
32 67 10
7 84 22
75 93 5
95 11 94
63 90 6
100 6 94
88 40 84
8 88 1
52 56 84
81 3 94
99 61 22
30 57 67
66 26 38
5 4 81
19 71 93
13 17 1
12 71 89
92 10 71
21 89 97
100 91 42
30 83 16
0 57 27
84 90 42
66 22 24
68 6 13
11 92 53
30 29 57
9 70 2
4 25 17
95 33 26
86 33 83
1 87 21
61 11 30
0 10 42
48 46 58
34 14 7
76 5 76
34 72 75
86 41 9
84 63 23
38 92 85
32 74 85
13 9 61
20 14 88
35 81 8
70 57 74
18 57 73
5 36 8
93 73 87
8 34 45
15 81 62
37 33 18
50 78 61
53 61 85
27 86 68
79 8 72
38 27 52
43 82 18
0 39 48
2 9 3
60 83 20
88 7 40
48 100 7
68 85 59
59 60 85
1 69 27
37 54 52
24 84 57
12 55 55
19 87 86
53 77 48
83 39 80
43 81 99
91 96 80
3 82 67
59 30 95
71 35 27
11 45 47
98 80 87
41 97 68
46 69 58
8 31 78
99 3 95
44 60 67
2 98 62
52 36 12
43 9 84
48 16 37
29 37 5
52 33 14
12 33 57
96 97 9
17 63 22
97 87 65
32 43 54
93 61 47
66 92 12
83 25 47
93 37 34
46 13 25
87 37 39
1 90 31
25 93 2
75 18 61
59 46 2
94 54 91
19 78 93
92 31 9
50 95 41
82 79 96
98 13 29
16 74 2
57 61 15
30 5 25
21 94 36
6 45 79
28 53 36
35 99 22
9 100 8
94 41 86
53 46 81
89 80 24
37 65 24
54 84 77
93 26 48
4 92 13
66 98 21
13 99 9
8 2 87
38 15 17
71 28 11
83 81 21
39 62 19
75 40 70
31 83 25
50 22 39
69 77 100
65 77 35
68 94 26
57 26 71
81 45 30
67 43 20
14 12 58
55 82 52
98 31 67
59 72 79
92 3 36
73 41 26
26 2 42
1 22 6
91 83 54
33 12 86
34 64 3
13 21 19
100 98 41
23 68 11
37 33 85
42 33 100
79 48 76
17 79 13
57 41 42
26 57 61
63 5 13
57 71 100
67 53 15
34 21 80
18 66 28
2 35 88
96 31 25
31 37 19
5 66 37
93 6 84
26 20 90
75 79 54
34 67 6
81 88 84
96 44 13
21 88 44
76 77 73
84 79 77
38 13 25
65 70 12
94 29 22
61 63 52
33 56 65
6 36 66
16 12 2
50 69 97
15 74 4
19 77 72
5 98 52
94 13 95
67 3 26
59 8 29
12 39 71
17 36 76
79 4 33
27 6 1
12 59 63
83 12 56
52 91 16
17 75 28
19 61 77
80 66 44
16 5 23
59 31 96
100 89 79
80 94 17
32 15 55
8 47 90
100 89 96
76 21 60
78 12 26
88 45 37
80 32 67
65 34 26
48 38 28
36 65 62
0 2 42
36 17 39
20 39 43
35 57 4
3 38 18
26 54 1
78 22 46
85 74 65
74 92 31
78 92 39
17 24 45
97 70 4
20 11 46
18 69 54
57 66 7
30 9 85
23 21 97
79 88 11
73 67 79
63 53 74
13 55 55
2 93 86
81 64 70
85 96 27
70 67 75
34 78 21
8 59 6
30 15 68
66 43 12
25 68 86
89 41 20
34 54 33
1 45 6
35 22 38
95 20 58
5 77 3
33 70 76
83 83 38
68 23 92
97 58 73
100 47 93
52 69 42
58 85 42
2 48 25
96 80 66
96 10 58
22 64 65
62 44 84
75 9 23
5 42 25
23 7 3
35 43 32
35 35 60
62 46 8
37 73 10
30 5 55
10 28 72
100 90 10
79 91 11
99 92 60
1 74 53
33 84 61
25 69 7
55 71 46
16 15 64
22 15 99
39 5 87
57 64 92
54 8 62
15 29 66
52 71 59
58 90 100
57 28 81
84 58 56
67 19 16
85 71 33
100 23 20
11 10 80
5 95 26
10 34 82
84 18 41
19 25 7
86 89 75
38 91 22
47 27 8
25 23 43
31 40 41
49 22 17
42 8 52
5 5 86
5 34 58
38 73 58
50 96 59
87 81 48
14 58 26
65 39 45
47 1 94
86 15 32
55 12 25
80 53 38
71 83 38
13 62 69
54 73 68
91 65 22
79 29 41
34 92 25
73 44 1
69 11 77
10 67 92
14 72 37
100 9 27
57 76 73
12 25 45
91 48 60
83 27 46
94 29 61
66 30 100
82 89 7
31 8 81
40 79 88
6 33 77
85 67 94
87 40 57
28 11 21
25 63 58
74 86 67
57 92 78
16 58 42
45 12 15
90 69 60
100 1 1
33 44 96
18 18 95
4 64 60
28 37 95
11 78 3
95 23 15
1 95 53
52 44 12
21 57 20
15 19 12
3 53 40
29 94 95
70 29 55
24 8 15
43 54 4
52 68 7
18 89 10
5 47 9
27 69 53
1 81 66
92 4 28
53 89 74
66 17 16
43 44 59
9 3 8
34 38 11
64 20 30
54 70 59
4 1 83
35 62 33
44 95 98
26 92 27
22 54 16
43 41 16
11 45 87
12 8 16
7 55 65
90 72 20
3 8 88
81 38 43
94 20 21
40 67 34
33 35 34
12 72 15
41 87 80
36 98 30
7 62 58
67 95 83
44 35 57
49 43 41
52 68 11
13 64 55
6 74 68
97 24 78
29 11 42
29 21 89
56 1 93
99 70 27
95 85 81
8 61 3
15 87 67
25 74 22
25 24 95
76 85 40
41 31 52
54 86 32
32 46 61
82 65 54
13 66 1
41 97 37
34 98 65
74 3 72
10 33 21
100 31 11
79 37 2
28 16 5
95 52 21
27 63 72
56 56 52
75 96 31
35 55 45
55 37 9
73 91 41
53 80 34
36 93 63
96 28 17
31 80 31
85 73 67
79 69 11
30 60 84
91 88 3
38 42 11
70 35 40
62 18 5
27 23 72
84 75 56
47 71 80
52 10 20
7 52 70
16 20 13
44 68 69
38 18 100
78 100 69
51 66 33
83 77 98
83 89 31
29 16 45
17 6 40
39 43 22
84 69 3
82 56 91
46 74 16
29 75 87
0 42 24
90 37 82
22 45 39
92 67 54
23 60 91
55 80 45
55 36 81
51 57 31
75 56 53
47 66 45
19 8 1
100 70 91
10 34 81
59 98 12
25 55 35
7 25 48
93 73 82
23 24 41
53 48 15
12 83 57
58 12 24
57 27 68
58 91 89
56 92 59
31 57 62
99 62 71
83 41 63
39 42 75
89 48 41
33 18 17
42 33 8
30 94 18
3 89 85
97 76 47
44 27 57
29 90 66
36 60 91
2 64 93
81 53 85
69 25 52
61 12 61
74 32 16
2 86 38
98 42 24
41 9 44
10 33 56
4 11 83
7 78 53
42 58 87
89 86 90
79 67 41
44 19 7
62 17 79
24 98 37
17 81 100
6 90 18
90 63 36
52 60 75
16 48 34
33 61 4
57 48 78
73 100 14
66 75 25
44 26 6
83 45 78
93 21 57
70 100 38
57 14 13
31 9 97
2 42 20
57 87 8
1 55 20
89 21 73
48 19 14
100 91 18
67 58 20
88 76 98
95 24 55
43 99 74
64 82 82
13 28 46
13 45 52
47 88 70
6 12 13
79 6 20
63 38 11
55 71 19
28 81 52
22 2 57
20 62 88
8 67 44
68 76 65
67 54 42
27 61 19
51 26 61
91 5 25
79 48 79
70 91 100
82 77 39
83 62 4
82 93 96
64 70 73
11 97 8
58 99 46
69 96 3
67 1 56
81 64 71
3 40 45
6 57 10
20 46 63
45 58 33
1 28 70
80 25 64
92 33 47
69 82 83
39 68 98
55 83 24
86 82 81
18 75 8
95 21 59
58 27 76
34 27 91
59 96 91
96 46 9
21 17 22
68 63 40
18 75 3
24 60 67
36 22 35
10 72 100
11 32 65
37 77 96
57 52 31
93 68 55
73 94 45
72 82 11
8 44 91
12 100 82
97 88 98
75 52 73
36 61 83
24 66 29
85 85 34
0 34 29
14 89 2
55 93 15
34 92 69
91 10 23
86 7 52
51 36 99
35 73 75
90 14 81
66 16 67
78 31 43
32 96 39
56 43 8
55 32 37
65 46 89
28 95 81
72 73 82
51 61 95
87 47 83
51 22 21
74 35 91
22 89 58
13 15 75
21 61 42
72 36 27
9 77 77
47 25 9
52 22 97
82 70 56
54 36 40
2 47 93
33 24 78
94 24 53
76 82 99
51 37 95
12 88 91
17 8 18
13 63 44
2 94 46
23 1 19
30 44 90
99 58 92
6 37 12
28 75 45
24 81 77
44 5 97
54 93 10
68 45 5
42 7 15
88 64 68
41 26 27
20 2 14
14 59 83
51 16 84
75 91 13
64 38 29
21 6 39
38 4 1
33 29 79
40 9 35
55 98 32
37 43 86
89 74 71
56 82 23
72 40 83
19 77 96
66 19 66
11 30 40
32 10 75
65 89 98
67 89 59
15 27 85
63 4 15
49 35 2
56 84 29
77 18 99
73 29 39
30 65 81
60 57 42
85 16 71
3 75 98
57 76 70
46 100 80
15 12 1
43 24 79
49 2 81
14 60 30
0 32 79
79 40 83
78 3 72
51 52 94
75 33 74
85 33 65
77 28 9
49 11 58
100 97 2
37 87 8
74 83 52
0 92 67
87 20 40
72 68 30
100 6 31
75 31 59
75 55 81
2 100 54
0 20 25
41 48 10
5 92 68
54 53 91
54 18 72
47 92 81
22 21 46
65 83 43
98 100 65
21 52 78
19 41 36
68 47 78
94 30 67
47 52 75
77 97 48
14 19 22
1 54 73
48 64 69
10 5 43
64 96 55
44 4 23
50 36 93
61 38 36
56 44 57
45 58 69
95 62 96
86 14 22
92 38 94
87 15 84
84 32 46
84 70 75
81 79 13
12 3 26
54 28 31
100 18 7
22 34 52
67 83 21
73 93 3
54 12 86
32 47 87
28 13 37
7 13 96
51 65 58
8 61 41
73 32 97
84 5 4
79 46 84
47 85 3
8 13 21
81 14 29
100 76 79
34 78 66
30 17 52
85 12 5
67 5 11
65 69 32
51 32 31
87 21 91
6 97 77
17 78 67
75 97 39
51 82 15
42 63 85
41 35 64
63 97 5
61 95 87
34 5 87
66 25 14
4 99 34
26 7 46
93 24 72
32 68 96
84 95 42
22 61 99
87 63 13
22 14 70
98 87 25
10 55 27
84 93 54
4 95 82
97 96 54
89 8 11
18 28 91
45 4 63
43 89 76
0 20 21
32 81 7
98 6 75
23 3 100
20 56 46
14 63 94
9 10 84
91 63 85
38 87 35
75 18 15
36 98 27
6 54 76
8 92 17
2 36 39
28 95 98
12 9 17
69 26 21
74 24 4
60 81 24
84 26 67
40 58 61
39 72 57
44 31 91
60 24 94
12 24 3
91 61 19
99 99 99
73 4 82
94 53 82
13 42 34
52 96 17
23 76 96
82 24 95
27 56 28
75 53 41
53 86 23
62 17 11
36 64 15
17 32 44
52 27 39
84 71 12
85 55 91
30 64 33
5 97 10
100 66 7
87 66 72
89 48 39
36 42 44
39 39 55
44 88 41
42 65 78
11 99 92
84 53 47
13 68 39
71 86 34
95 11 94
41 62 75
85 70 9
60 29 94
22 95 30
27 97 67
99 91 5
42 25 39
72 15 93
45 94 28
71 28 4
